4243533989471274891279464742504005493
2829022659647516594186309828336003662
1414511329823758297093154914168001831
0
140036621652552071412222336485831998202
138622110322728313115129181571663996371
137207598992904554818036026657495994540
135793087663080796520942871743327992709
134378576333257038223849716829159990878
132964065003433279926756561914991989047
131549553673609521629663407000823987216
130135042343785763332570252086655985385
128720531013962005035477097172487983554
127306019684138246738383942258319981723
125891508354314488441290787344151979892
124476997024490730144197632429983978061
123062485694666971847104477515815976230
121647974364843213550011322601647974399
120233463035019455252918167687479972568
118818951705195696955825012773311970737
117404440375371938658731857859143968906
115989929045548180361638702944975967075
114575417715724422064545548030807965244
113160906385900663767452393116639963413
111746395056076905470359238202471961582
110331883726253147173266083288303959751
108917372396429388876172928374135957920
107502861066605630579079773459967956089
106088349736781872281986618545799954258
104673838406958113984893463631631952427
103259327077134355687800308717463950596
101844815747310597390707153803295948765
100430304417486839093613998889127946934
99015793087663080796520843974959945103
97601281757839322499427689060791943272
96186770428015564202334534146623941441
94772259098191805905241379232455939610
93357747768368047608148224318287937779
91943236438544289311055069404119935948
90528725108720531013961914489951934117
89114213778896772716868759575783932286
87699702449073014419775604661615930455
86285191119249256122682449747447928624
84870679789425497825589294833279926793
83456168459601739528496139919111924962
82041657129777981231402985004943923131
80627145799954222934309830090775921300
79212634470130464637216675176607919469
77798123140306706340123520262439917638
76383611810482948043030365348271915807
74969100480659189745937210434103913976
73554589150835431448844055519935912145
72140077821011673151750900605767910314
70725566491187914854657745691599908483
69311055161364156557564590777431906652
67896543831540398260471435863263904821
66482032501716639963378280949095902990
65067521171892881666285126034927901159
63653009842069123369191971120759899328
62238498512245365072098816206591897497
60823987182421606775005661292423895666
59409475852597848477912506378255893835
57994964522774090180819351464087892004
56580453192950331883726196549919890173
55165941863126573586633041635751888342
53751430533302815289539886721583886511
52336919203479056992446731807415884680
50922407873655298695353576893247882849
49507896543831540398260421979079881018
48093385214007782101167267064911879187
46678873884184023804074112150743877356
45264362554360265506980957236575875525
43849851224536507209887802322407873694
42435339894712748912794647408239871863
41020828564888990615701492494071870032
39606317235065232318608337579903868201
38191805905241474021515182665735866370
36777294575417715724422027751567864539
35362783245593957427328872837399862708
33948271915770199130235717923231860877
32533760585946440833142563009063859046
31119249256122682536049408094895857215
29704737926298924238956253180727855384
28290226596475165941863098266559853553
26875715266651407644769943352391851722
25461203936827649347676788438223849891
24046692607003891050583633524055848060
22632181277180132753490478609887846229
21217669947356374456397323695719844398
19803158617532616159304168781551842567
18388647287708857862211013867383840736
16974135957885099565117858953215838905
15559624628061341268024704039047837074
14145113298237582970931549124879835243
12730601968413824673838394210711833412
11316090638590066376745239296543831581
9901579308766308079652084382375829750
8487067978942549782558929468207827919
7072556649118791485465774554039826088
5658045319295033188372619639871824257
4243533989471274891279464725703822426
2829022659647516594186309811535820595
1414511329823758297093154897367818764
140036621652552071412222334822613874574
138622110322728313115129179908445872743
137207598992904554818036024994277870912
135793087663080796520942870080109869081
134378576333257038223849715165941867250
132964065003433279926756560251773865419
131549553673609521629663405337605863588
130135042343785763332570250423437861757
128720531013962005035477095509269859926
127306019684138246738383940595101858095
125891508354314488441290785680933856264
124476997024490730144197630766765854433
123062485694666971847104475852597852602
121647974364843213550011320938429850771
120233463035019455252918166024261848940
118818951705195696955825011110093847109
117404440375371938658731856195925845278
115989929045548180361638701281757843447
114575417715724422064545546367589841616
113160906385900663767452391453421839785
111746395056076905470359236539253837954
110331883726253147173266081625085836123
108917372396429388876172926710917834292
107502861066605630579079771796749832461
106088349736781872281986616882581830630
104673838406958113984893461968413828799
103259327077134355687800307054245826968
101844815747310597390707152140077825137
100430304417486839093613997225909823306
99015793087663080796520842311741821475
97601281757839322499427687397573819644
96186770428015564202334532483405817813
94772259098191805905241377569237815982
93357747768368047608148222655069814151
91943236438544289311055067740901812320
90528725108720531013961912826733810489
89114213778896772716868757912565808658
87699702449073014419775602998397806827
86285191119249256122682448084229804996
84870679789425497825589293170061803165
83456168459601739528496138255893801334
82041657129777981231402983341725799503
80627145799954222934309828427557797672
79212634470130464637216673513389795841
77798123140306706340123518599221794010
76383611810482948043030363685053792179
74969100480659189745937208770885790348
73554589150835431448844053856717788517
72140077821011673151750898942549786686
70725566491187914854657744028381784855
69311055161364156557564589114213783024
67896543831540398260471434200045781193
66482032501716639963378279285877779362
65067521171892881666285124371709777531
63653009842069123369191969457541775700
62238498512245365072098814543373773869
60823987182421606775005659629205772038
59409475852597848477912504715037770207
57994964522774090180819349800869768376
56580453192950331883726194886701766545
55165941863126573586633039972533764714
53751430533302815289539885058365762883
52336919203479056992446730144197761052
50922407873655298695353575230029759221
49507896543831540398260420315861757390
48093385214007782101167265401693755559
46678873884184023804074110487525753728
45264362554360265506980955573357751897
43849851224536507209887800659189750066
42435339894712748912794645745021748235
41020828564888990615701490830853746404
39606317235065232318608335916685744573
38191805905241474021515181002517742742
36777294575417715724422026088349740911
35362783245593957427328871174181739080
33948271915770199130235716260013737249
32533760585946440833142561345845735418
31119249256122682536049406431677733587
29704737926298924238956251517509731756
28290226596475165941863096603341729925
26875715266651407644769941689173728094
25461203936827649347676786775005726263
24046692607003891050583631860837724432
22632181277180132753490476946669722601
21217669947356374456397322032501720770
19803158617532616159304167118333718939
18388647287708857862211012204165717108
16974135957885099565117857289997715277
15559624628061341268024702375829713446
14145113298237582970931547461661711615
12730601968413824673838392547493709784
11316090638590066376745237633325707953
9901579308766308079652082719157706122
8487067978942549782558927804989704291
7072556649118791485465772890821702460
5658045319295033188372617976653700629
4243533989471274891279463062485698798
2829022659647516594186308148317696967
1414511329823758297093153234149695136
140036621652552071412222168500801511779
138622110322728313115129013586633509948
137207598992904554818035858672465508117
135793087663080796520942703758297506286
134378576333257038223849548844129504455
132964065003433279926756393929961502624
131549553673609521629663239015793500793
130135042343785763332570084101625498962
128720531013962005035476929187457497131
127306019684138246738383774273289495300
125891508354314488441290619359121493469
124476997024490730144197464444953491638
123062485694666971847104309530785489807
121647974364843213550011154616617487976
120233463035019455252917999702449486145
118818951705195696955824844788281484314
117404440375371938658731689874113482483
115989929045548180361638534959945480652
114575417715724422064545380045777478821
113160906385900663767452225131609476990
111746395056076905470359070217441475159
110331883726253147173265915303273473328
108917372396429388876172760389105471497
107502861066605630579079605474937469666
106088349736781872281986450560769467835
104673838406958113984893295646601466004
103259327077134355687800140732433464173
101844815747310597390706985818265462342
100430304417486839093613830904097460511
99015793087663080796520675989929458680
97601281757839322499427521075761456849
96186770428015564202334366161593455018
94772259098191805905241211247425453187
93357747768368047608148056333257451356
91943236438544289311054901419089449525
90528725108720531013961746504921447694
89114213778896772716868591590753445863
87699702449073014419775436676585444032
86285191119249256122682281762417442201
84870679789425497825589126848249440370
83456168459601739528495971934081438539
82041657129777981231402817019913436708
80627145799954222934309662105745434877
79212634470130464637216507191577433046
77798123140306706340123352277409431215
76383611810482948043030197363241429384
74969100480659189745937042449073427553
73554589150835431448843887534905425722
72140077821011673151750732620737423891
70725566491187914854657577706569422060
69311055161364156557564422792401420229
67896543831540398260471267878233418398
66482032501716639963378112964065416567
65067521171892881666284958049897414736
63653009842069123369191803135729412905
62238498512245365072098648221561411074
60823987182421606775005493307393409243
59409475852597848477912338393225407412
57994964522774090180819183479057405581
56580453192950331883726028564889403750
55165941863126573586632873650721401919
53751430533302815289539718736553400088
52336919203479056992446563822385398257
50922407873655298695353408908217396426
49507896543831540398260253994049394595
48093385214007782101167099079881392764
46678873884184023804073944165713390933
45264362554360265506980789251545389102
43849851224536507209887634337377387271
42435339894712748912794479423209385440
41020828564888990615701324509041383609
39606317235065232318608169594873381778
38191805905241474021515014680705379947
36777294575417715724421859766537378116
35362783245593957427328704852369376285
33948271915770199130235549938201374454
32533760585946440833142395024033372623
31119249256122682536049240109865370792
29704737926298924238956085195697368961
28290226596475165941862930281529367130
26875715266651407644769775367361365299
25461203936827649347676620453193363468
24046692607003891050583465539025361637
22632181277180132753490310624857359806
21217669947356374456397155710689357975
19803158617532616159304000796521356144
18388647287708857862210845882353354313
16974135957885099565117690968185352482
15559624628061341268024536054017350651
14145113298237582970931381139849348820
12730601968413824673838226225681346989
11316090638590066376745071311513345158
9901579308766308079651916397345343327
8487067978942549782558761483177341496
7072556649118791485465606569009339665
5658045319295033188372451654841337834
4243533989471274891279296740673336003
2829022659647516594186141826505334172
1414511329823758297092986912337332341
140036621652552071412205536319565232310
138622110322728313115112381405397230479
137207598992904554818019226491229228648
135793087663080796520926071577061226817
134378576333257038223832916662893224986
132964065003433279926739761748725223155
131549553673609521629646606834557221324
130135042343785763332553451920389219493
128720531013962005035460297006221217662
127306019684138246738367142092053215831
125891508354314488441273987177885214000
124476997024490730144180832263717212169
123062485694666971847087677349549210338
121647974364843213549994522435381208507
120233463035019455252901367521213206676
118818951705195696955808212607045204845
117404440375371938658715057692877203014
115989929045548180361621902778709201183
114575417715724422064528747864541199352
113160906385900663767435592950373197521
111746395056076905470342438036205195690
110331883726253147173249283122037193859
108917372396429388876156128207869192028
107502861066605630579062973293701190197
106088349736781872281969818379533188366
104673838406958113984876663465365186535
103259327077134355687783508551197184704
101844815747310597390690353637029182873
100430304417486839093597198722861181042
99015793087663080796504043808693179211
97601281757839322499410888894525177380
96186770428015564202317733980357175549
94772259098191805905224579066189173718
93357747768368047608131424152021171887
91943236438544289311038269237853170056
90528725108720531013945114323685168225
89114213778896772716851959409517166394
87699702449073014419758804495349164563
86285191119249256122665649581181162732
84870679789425497825572494667013160901
83456168459601739528479339752845159070
82041657129777981231386184838677157239
80627145799954222934293029924509155408
79212634470130464637199875010341153577
77798123140306706340106720096173151746
76383611810482948043013565182005149915
74969100480659189745920410267837148084
73554589150835431448827255353669146253
72140077821011673151734100439501144422
70725566491187914854640945525333142591
69311055161364156557547790611165140760
67896543831540398260454635696997138929
66482032501716639963361480782829137098
65067521171892881666268325868661135267
63653009842069123369175170954493133436
62238498512245365072082016040325131605
60823987182421606774988861126157129774
59409475852597848477895706211989127943
57994964522774090180802551297821126112
56580453192950331883709396383653124281
55165941863126573586616241469485122450
53751430533302815289523086555317120619
52336919203479056992429931641149118788
50922407873655298695336776726981116957
49507896543831540398243621812813115126
48093385214007782101150466898645113295
46678873884184023804057311984477111464
45264362554360265506964157070309109633
43849851224536507209871002156141107802
42435339894712748912777847241973105971
41020828564888990615684692327805104140
39606317235065232318591537413637102309
38191805905241474021498382499469100478
36777294575417715724405227585301098647
35362783245593957427312072671133096816
33948271915770199130218917756965094985
32533760585946440833125762842797093154
31119249256122682536032607928629091323
29704737926298924238939453014461089492
28290226596475165941846298100293087661
26875715266651407644753143186125085830
25461203936827649347659988271957083999
24046692607003891050566833357789082168
22632181277180132753473678443621080337
21217669947356374456380523529453078506
19803158617532616159287368615285076675
18388647287708857862194213701117074844
16974135957885099565101058786949073013
15559624628061341268007903872781071182
14145113298237582970914748958613069351
12730601968413824673821594044445067520
11316090638590066376728439130277065689
9901579308766308079635284216109063858
8487067978942549782542129301941062027
7072556649118791485448974387773060196
5658045319295033188355819473605058365
4243533989471274891262664559437056534
2829022659647516594169509645269054703
1414511329823758297076354731101052872
140036621652552071410542318195937285409
138622110322728313113449163281769283578
137207598992904554816356008367601281747
135793087663080796519262853453433279916
134378576333257038222169698539265278085
132964065003433279925076543625097276254
131549553673609521627983388710929274423
130135042343785763330890233796761272592
128720531013962005033797078882593270761
127306019684138246736703923968425268930
125891508354314488439610769054257267099
124476997024490730142517614140089265268
123062485694666971845424459225921263437
121647974364843213548331304311753261606
120233463035019455251238149397585259775
118818951705195696954144994483417257944
117404440375371938657051839569249256113
115989929045548180359958684655081254282
114575417715724422062865529740913252451
113160906385900663765772374826745250620
111746395056076905468679219912577248789
110331883726253147171586064998409246958
108917372396429388874492910084241245127
107502861066605630577399755170073243296
106088349736781872280306600255905241465
104673838406958113983213445341737239634
103259327077134355686120290427569237803
101844815747310597389027135513401235972
100430304417486839091933980599233234141
99015793087663080794840825685065232310
97601281757839322497747670770897230479
96186770428015564200654515856729228648
94772259098191805903561360942561226817
93357747768368047606468206028393224986
91943236438544289309375051114225223155
90528725108720531012281896200057221324
89114213778896772715188741285889219493
87699702449073014418095586371721217662
86285191119249256121002431457553215831
84870679789425497823909276543385214000
83456168459601739526816121629217212169
82041657129777981229722966715049210338
80627145799954222932629811800881208507
79212634470130464635536656886713206676
77798123140306706338443501972545204845
76383611810482948041350347058377203014
74969100480659189744257192144209201183
73554589150835431447164037230041199352
72140077821011673150070882315873197521
70725566491187914852977727401705195690
69311055161364156555884572487537193859
67896543831540398258791417573369192028
66482032501716639961698262659201190197
65067521171892881664605107745033188366
63653009842069123367511952830865186535
62238498512245365070418797916697184704
60823987182421606773325643002529182873
59409475852597848476232488088361181042
57994964522774090179139333174193179211
56580453192950331882046178260025177380
55165941863126573584953023345857175549
53751430533302815287859868431689173718
52336919203479056990766713517521171887
50922407873655298693673558603353170056
49507896543831540396580403689185168225
48093385214007782099487248775017166394
46678873884184023802394093860849164563
45264362554360265505300938946681162732
43849851224536507208207784032513160901
42435339894712748911114629118345159070
41020828564888990614021474204177157239
39606317235065232316928319290009155408
38191805905241474019835164375841153577
36777294575417715722742009461673151746
35362783245593957425648854547505149915
33948271915770199128555699633337148084
32533760585946440831462544719169146253
31119249256122682534369389805001144422
29704737926298924237276234890833142591
28290226596475165940183079976665140760
26875715266651407643089925062497138929
25461203936827649345996770148329137098
24046692607003891048903615234161135267
22632181277180132751810460319993133436
21217669947356374454717305405825131605
19803158617532616157624150491657129774
18388647287708857860530995577489127943
16974135957885099563437840663321126112
15559624628061341266344685749153124281
14145113298237582969251530834985122450
12730601968413824672158375920817120619
11316090638590066375065221006649118788
9901579308766308077972066092481116957
8487067978942549780878911178313115126
7072556649118791483785756264145113295
5658045319295033186692601349977111464
4243533989471274889599446435809109633
2829022659647516592506291521641107802
1414511329823758295413136607473105971
140036621652552071244220505833142595269
138622110322728312947127350918974593438
137207598992904554650034196004806591607
135793087663080796352941041090638589776
134378576333257038055847886176470587945
132964065003433279758754731262302586114
131549553673609521461661576348134584283
130135042343785763164568421433966582452
128720531013962004867475266519798580621
127306019684138246570382111605630578790
125891508354314488273288956691462576959
124476997024490729976195801777294575128
123062485694666971679102646863126573297
121647974364843213382009491948958571466
120233463035019455084916337034790569635
118818951705195696787823182120622567804
117404440375371938490730027206454565973
115989929045548180193636872292286564142
114575417715724421896543717378118562311
113160906385900663599450562463950560480
111746395056076905302357407549782558649
110331883726253147005264252635614556818
108917372396429388708171097721446554987
107502861066605630411077942807278553156
106088349736781872113984787893110551325
104673838406958113816891632978942549494
103259327077134355519798478064774547663
101844815747310597222705323150606545832
100430304417486838925612168236438544001
99015793087663080628519013322270542170
97601281757839322331425858408102540339
96186770428015564034332703493934538508
94772259098191805737239548579766536677
93357747768368047440146393665598534846
91943236438544289143053238751430533015
90528725108720530845960083837262531184
89114213778896772548866928923094529353
87699702449073014251773774008926527522
86285191119249255954680619094758525691
84870679789425497657587464180590523860
83456168459601739360494309266422522029
82041657129777981063401154352254520198
80627145799954222766307999438086518367
79212634470130464469214844523918516536
77798123140306706172121689609750514705
76383611810482947875028534695582512874
74969100480659189577935379781414511043
73554589150835431280842224867246509212
72140077821011672983749069953078507381
70725566491187914686655915038910505550
69311055161364156389562760124742503719
67896543831540398092469605210574501888
66482032501716639795376450296406500057
65067521171892881498283295382238498226
63653009842069123201190140468070496395
62238498512245364904096985553902494564
60823987182421606607003830639734492733
59409475852597848309910675725566490902
57994964522774090012817520811398489071
56580453192950331715724365897230487240
55165941863126573418631210983062485409
53751430533302815121538056068894483578
52336919203479056824444901154726481747
50922407873655298527351746240558479916
49507896543831540230258591326390478085
48093385214007781933165436412222476254
46678873884184023636072281498054474423
45264362554360265338979126583886472592
43849851224536507041885971669718470761
42435339894712748744792816755550468930
41020828564888990447699661841382467099
39606317235065232150606506927214465268
38191805905241473853513352013046463437
36777294575417715556420197098878461606
35362783245593957259327042184710459775
33948271915770198962233887270542457944
32533760585946440665140732356374456113
31119249256122682368047577442206454282
29704737926298924070954422528038452451
28290226596475165773861267613870450620
26875715266651407476768112699702448789
25461203936827649179674957785534446958
24046692607003890882581802871366445127
22632181277180132585488647957198443296
21217669947356374288395493043030441465
19803158617532615991302338128862439634
18388647287708857694209183214694437803
16974135957885099397116028300526435972
15559624628061341100022873386358434141
14145113298237582802929718472190432310
12730601968413824505836563558022430479
11316090638590066208743408643854428648
9901579308766307911650253729686426817
8487067978942549614557098815518424986
7072556649118791317463943901350423155
5658045319295033020370788987182421324
4243533989471274723277634073014419493
2829022659647516426184479158846417662
1414511329823758129091324244678415831
140036621652552054612039269553673581269
138622110322728296314946114639505579438
137207598992904538017852959725337577607
135793087663080779720759804811169575776
134378576333257021423666649897001573945
132964065003433263126573494982833572114
131549553673609504829480340068665570283
130135042343785746532387185154497568452
128720531013961988235294030240329566621
127306019684138229938200875326161564790
125891508354314471641107720411993562959
124476997024490713344014565497825561128
123062485694666955046921410583657559297
121647974364843196749828255669489557466
120233463035019438452735100755321555635
118818951705195680155641945841153553804
117404440375371921858548790926985551973
115989929045548163561455636012817550142
114575417715724405264362481098649548311
113160906385900646967269326184481546480
111746395056076888670176171270313544649
110331883726253130373083016356145542818
108917372396429372075989861441977540987
107502861066605613778896706527809539156
106088349736781855481803551613641537325
104673838406958097184710396699473535494
103259327077134338887617241785305533663
101844815747310580590524086871137531832
100430304417486822293430931956969530001
99015793087663063996337777042801528170
97601281757839305699244622128633526339
96186770428015547402151467214465524508
94772259098191789105058312300297522677
93357747768368030807965157386129520846
91943236438544272510872002471961519015
90528725108720514213778847557793517184
89114213778896755916685692643625515353
87699702449072997619592537729457513522
86285191119249239322499382815289511691
84870679789425481025406227901121509860
83456168459601722728313072986953508029
82041657129777964431219918072785506198
80627145799954206134126763158617504367
79212634470130447837033608244449502536
77798123140306689539940453330281500705
76383611810482931242847298416113498874
74969100480659172945754143501945497043
73554589150835414648660988587777495212
72140077821011656351567833673609493381
70725566491187898054474678759441491550
69311055161364139757381523845273489719
67896543831540381460288368931105487888
66482032501716623163195214016937486057
65067521171892864866102059102769484226
63653009842069106569008904188601482395
62238498512245348271915749274433480564
60823987182421589974822594360265478733
59409475852597831677729439446097476902
57994964522774073380636284531929475071
56580453192950315083543129617761473240
55165941863126556786449974703593471409
53751430533302798489356819789425469578
52336919203479040192263664875257467747
50922407873655281895170509961089465916
49507896543831523598077355046921464085
48093385214007765300984200132753462254
46678873884184007003891045218585460423
45264362554360248706797890304417458592
43849851224536490409704735390249456761
42435339894712732112611580476081454930
41020828564888973815518425561913453099
39606317235065215518425270647745451268
38191805905241457221332115733577449437
36777294575417698924238960819409447606
35362783245593940627145805905241445775
33948271915770182330052650991073443944
32533760585946424032959496076905442113
31119249256122665735866341162737440282
29704737926298907438773186248569438451
28290226596475149141680031334401436620
26875715266651390844586876420233434789
25461203936827632547493721506065432958
24046692607003874250400566591897431127
22632181277180115953307411677729429296
21217669947356357656214256763561427465
19803158617532599359121101849393425634
18388647287708841062027946935225423803
16974135957885082764934792021057421972
15559624628061324467841637106889420141
14145113298237566170748482192721418310
12730601968413807873655327278553416479
11316090638590049576562172364385414648
9901579308766291279469017450217412817
8487067978942532982375862536049410986
7072556649118774685282707621881409155
5658045319295016388189552707713407324
4243533989471258091096397793545405493
2829022659647499794003242879377403662
1414511329823741496910087965209401831
12730601968413656672007724737926016479
11316090638589898374914569823758014648
9901579308766140077821414909590012817
8487067978942381780728259995422010986
7072556649118623483635105081254009155
5658045319294865186541950167086007324
4243533989471106889448795252918005493
2829022659647348592355640338750003662
1414511329823590295262485424582001831
